0.0032
-0.0003
-0.0024
-0.0007
0.0026
0.0033
0.0009
-0.0016
-0.0035
-0.0018
0.0028
0.0043
0.0050
-0.0022
-0.0016
-0.0006
-0.0062
-0.0006
-0.0045
-0.0037
0.0002
0.0027
0.0059
0.0064
0.0002
-0.0089
0.0100
0.0136
-0.0113
-0.0318
-0.0303
-0.0021
0.0130
0.0049
0.0102
0.0066
0.0072
0.0009
-0.0027
0.0313
-0.0074
-0.0385
-0.0312
-0.0372
0.0278
0.0383
0.0029
0.0162
-0.0123
0.0072
0.0194
-0.0373
0.0141
0.0309
-0.0218
0.0375
0.0880
-0.0815
-0.0605
0.0660
0.0181
0.1027
0.0313
-0.0732
0.0211
-0.0513
-0.0478
-0.0361
-0.0350
0.0705
0.1434
0.0840
-0.0351
0.0286
0.0302
-0.0112
0.0208
0.0533
-0.0102
-0.0152
0.0645
-0.1331
-0.0551
0.0602
-0.0850
0.1424
0.1026
-0.0376
0.0255
-0.0535
-0.0897
-0.0181
0.0620
0.0940
0.0620
-0.0398
-0.0236
0.1014
-0.0016
-0.1763
-0.0647
-0.0037
0.0021
0.0543
-0.0151
0.1435
0.1761
0.0385
0.0641
0.0067
-0.1089
-0.1724
-0.0196
0.1273
0.0111
-0.0924
0.0421
0.0250
-0.0272
0.0023
-0.0936
0.0189
0.0863
-0.0262
-0.1093
0.0069
0.0941
-0.0851
0.0605
0.0802
0.0158
0.1541
0.1261
0.1426
0.4374
0.0295
-0.5465
-0.3084
-0.1216
-0.0857
0.0688
-0.0561
0.2797
0.3734
-0.0537
-0.0802
0.0295
0.1452
-0.1014
-0.1634
-0.0560
0.1185
0.2737
0.2448
0.2465
0.3141
0.1539
-0.4608
-0.6545
-0.5212
-0.7308
-0.8607
-0.7509
-0.6292
-0.5383
-0.3080
-0.0744
0.1809
0.1314
0.0528
-0.1464
-0.3844
-0.3049
-0.2704
-0.2079
0.3145
0.8173
1.1177
1.5503
1.2568
0.2618
-0.6642
-1.0069
-1.1686
-0.6462
0.0752
0.1475
0.2484
0.2883
-0.1832
-0.8302
-0.8204
-0.6376
-0.2020
0.4686
1.1717
1.7123
1.8643
1.1214
-0.0572
-1.4165
-2.5662
-2.9830
-2.8590
-1.6485
0.1574
1.5033
2.3941
2.6457
2.0190
-0.0881
-2.1945
-3.1974
-2.7449
-1.4260
0.3817
1.8638
2.8283
3.4235
3.3857
2.3266
0.6395
-0.5988
-1.4527
-1.6001
-1.0965
-0.9476
-0.7455
-0.1384
0.6354
1.2377
1.5249
1.0806
0.2592
-0.9196
-1.7208
-0.7057
-0.4240
-0.8460
-1.5157
-2.0313
-2.1154
-1.3979
-0.3764
0.9101
1.7931
2.3350
1.9352
1.7196
1.1343
0.3419
1.3245
2.0363
1.5497
0.6816
0.2932
0.2680
0.4520
1.0072
1.6756
2.1090
1.7678
0.8046
-0.2274
-1.1326
-2.0252
-1.7157
-0.8195
-0.4892
-0.1481
0.2114
0.5453
0.7833
0.8297
-0.1094
-1.7032
-2.7306
-3.0219
-2.7883
-2.1825
-1.3428
-0.5885
0.1679
0.5899
0.8160
1.0403
0.6198
-0.3036
-1.0741
-1.3009
-1.0226
-0.6292
-0.3617
0.0047
0.1559
0.2096
0.2667
0.2421
0.0667
-0.1577
-0.5203
-0.9768
-1.2615
-1.3738
-1.2526
-0.8534
-0.2700
0.3537
0.7539
0.7882
0.8557
1.0101
0.8163
0.3879
0.1300
0.1853
0.4038
0.6321
0.7463
0.6810
0.7375
0.9233
1.0080
0.9881
0.9565
0.8899
0.8173
0.7305
0.5175
0.2267
0.0757
-0.0240
-0.2598
-0.5166
-0.6816
-0.5833
-0.3999
-0.2283
-0.0283
0.0030
0.1061
0.2596
0.2381
0.2985
0.2848
0.2495
0.2820
0.3324
0.1570
-0.1244
-0.3621
-0.6742
-0.9815
-1.0529
-0.8649
-0.4719
0.0408
0.4677
0.5585
0.1505
-0.3386
-0.5421
-0.4418
-0.3404
-0.0689
0.1943
0.3831
0.5583
0.6624
0.5237
0.3687
0.3465
0.3417
0.1879
0.1039
0.2113
0.2698
0.1785
0.0526
-0.0757
-0.0920
-0.0423
-0.0024
-0.0257
-0.2272
-0.3746
-0.4550
-0.5915
-0.8003
-0.8005
-0.6242
-0.3790
-0.1499
-0.0383
-0.0084
0.0814
0.2195
0.2904
0.2329
0.2435
0.1580
0.0369
-0.0008
-0.0085
0.2193
0.5802
0.5789
0.3591
0.0860
-0.2331
-0.4066
-0.1626
0.1266
0.3360
0.3581
0.0365
-0.2668
-0.5093
-0.7740
-0.8871
-0.8191
-0.7003
-0.6669
-0.7689
-0.7124
-0.5548
-0.3378
-0.1215
0.0316
-0.0123
-0.1503
-0.2028
-0.1704
0.0375
0.4129
0.6818
0.7528
0.7972
0.7758
0.6565
0.4494
0.3307
0.4807
0.7675
0.9370
0.8354
0.6327
0.3646
0.1402
0.0369
0.0566
0.1110
0.1740
0.2035
0.2147
0.1490
0.0209
-0.0447
0.0202
0.0608
-0.0388
-0.1511
-0.3620
-0.6828
-0.9336
-0.9509
-0.7673
-0.6099
-0.5464
-0.3987
-0.2512
-0.1985
-0.2776
-0.2966
-0.3625
-0.4904
-0.5267
-0.2885
-0.0887
0.0338
0.0622
0.0465
0.0076
-0.0281
-0.0030
-0.0311
-0.0188
-0.0143
0.0739
0.2054
0.3915
0.5127
0.6410
0.7403
0.6782
0.5199
0.4480
0.4692
0.4972
0.5550
0.5790
0.4924
0.3759
0.2600
0.1137
-0.0309
-0.1156
-0.1708
-0.1893
-0.2274
-0.2508
-0.1778
-0.1051
-0.1271
-0.1937
-0.2083
-0.3087
-0.4197
-0.4426
-0.4151
-0.4254
-0.3928
-0.2998
-0.2185
-0.1042
-0.0637
-0.0814
-0.1015
-0.0365
0.0408
0.1134
0.1235
-0.0049
-0.1622
-0.1903
-0.1082
-0.0025
0.1801
0.3325
0.3009
0.2781
0.3140
0.3353
0.3078
0.2978
0.2173
0.0888
-0.0180
-0.1091
-0.2286
-0.3283
-0.3097
-0.2236
-0.1946
-0.2056
-0.2048
-0.2151
-0.2260
-0.1464
-0.0519
-0.0619
-0.1885
-0.2937
-0.2691
-0.1202
0.1267
0.3451
0.4449
0.3694
0.2176
0.0228
-0.0802
-0.0391
0.0614
0.1814
0.2358
0.1869
0.1985
0.2434
0.2368
0.1964
0.1605
0.0951
0.0293
-0.0110
0.0396
0.1433
0.2576
0.2680
0.1903
0.0826
0.0252
-0.0574
-0.1452
-0.2148
-0.2665
-0.2779
-0.2622
-0.2446
-0.1954
-0.1423
-0.1445
-0.1677
-0.2087
-0.2137
-0.1477
-0.0385
0.0865
0.1745
0.1825
0.1442
0.0832
0.0690
0.0417
0.0611
0.0615
0.0035
-0.0344
-0.0013
0.0742
0.1294
0.1208
0.0571
-0.0163
-0.0550
-0.0843
-0.0247
0.0402
0.0416
0.0143
0.0144
0.0006
-0.0564
-0.0950
-0.0982
-0.0847
-0.0635
-0.0052
0.0486
0.0200
-0.1063
-0.2043
-0.1872
-0.1184
-0.0284
0.0487
0.0480
0.0087
-0.0472
-0.0397
-0.0675
-0.1211
-0.1606
-0.1668
-0.1369
-0.0961
-0.0608
-0.0028
0.0327
0.0532
0.0750
0.1221
0.0776
0.0021
0.0055
0.0506
0.0732
0.0878
0.0640
0.0620
0.0780
0.0777
0.0727
0.0616
0.0655
0.0659
0.0778
0.1217
0.2130
0.2942
0.2928
0.2658
0.2500
0.2412
0.2349
0.1841
0.1916
0.2504
0.2881
0.2718
0.1994
0.0831
-0.0350
-0.1520
-0.2338
-0.2603
-0.2763
-0.3206
-0.3524
-0.3854
-0.4294
-0.4553
-0.4084
-0.2959
-0.1611
-0.0517
-0.0343
-0.1108
-0.1531
-0.1138
-0.0941
-0.1065
-0.0935
-0.0666
-0.0566
-0.0991
-0.1856
-0.2527
-0.2681
-0.2271
-0.1524
-0.0629
-0.0178
-0.0264
-0.0325
-0.0342
-0.0058
0.0699
0.1249
0.1708
0.2291
0.2578
0.2523
0.2278
0.2164
0.2367
0.2517
0.2282
0.1536
0.1118
0.1149
0.1353
0.1493
0.1617
0.1643
0.1540
0.1388
0.1430
0.1513
0.1741
0.1810
0.1647
0.1175
0.0821
0.0768
0.0616
0.0473
0.0701
0.0801
0.0701
0.0842
0.0685
0.0316
-0.0032
-0.0559
-0.1094
-0.1426
-0.1614
-0.1517
-0.1145
-0.0824
-0.0861
-0.0877
-0.0738
-0.0777
-0.0962
-0.1304
-0.1434
-0.1472
-0.1473
-0.1429
-0.1370
-0.1157
-0.1138
-0.1297
-0.1517
-0.1362
-0.1211
-0.1281
-0.1399
-0.1552
-0.1471
-0.1280
-0.1213
-0.1269
-0.1708
-0.2056
-0.1901
-0.1279
-0.0590
-0.0181
-0.0084
0.0167
0.0641
0.0834
0.0936
0.1278
0.1616
0.1790
0.1725
0.1310
0.0821
0.0528
0.0521
0.0764
0.0913
0.0853
0.0998
0.1033
0.1057
0.0886
0.0652
0.0540
0.0515
0.0651
0.0701
0.0478
0.0157
0.0319
0.0737
0.1286
0.1535
0.1381
0.0768
-0.0028
-0.0410
-0.0411
-0.0379
-0.0212
0.0149
0.0326
0.0203
0.0217
0.0299
0.0512
0.0694
0.0326
-0.0012
0.0121
0.0337
0.0292
-0.0053
-0.0523
-0.0831
-0.0815
-0.0490
0.0085
0.0631
0.0697
0.0292
-0.0144
-0.0668
-0.0846
-0.0860
-0.0790
-0.0618
-0.0643
-0.0854
-0.1024
-0.0993
-0.0794
-0.0599
-0.0258
-0.0048
0.0088
-0.0023
-0.0198
-0.0531
-0.0842
-0.0870
-0.0485
0.0138
0.0547
0.0798
0.0915
0.0705
0.0487
0.0403
0.0104
-0.0133
-0.0177
-0.0202
-0.0324
-0.0729
-0.1095
-0.0934
-0.0457
-0.0285
-0.0088
0.0231
0.0246
-0.0184
-0.0738
-0.1089
-0.1140
-0.0990
-0.0691
0.0025
0.0684
0.0795
0.0743
0.0824
0.0834
0.0567
0.0082
-0.0121
0.0175
0.0777
0.1265
0.1326
0.1049
0.0885
0.0650
0.0406
0.0639
0.1018
0.1059
0.0755
0.0292
-0.0264
-0.0677
-0.0716
-0.0559
-0.0469
-0.0264
-0.0328
-0.0635
-0.0557
-0.0059
0.0399
0.0882
0.1315
0.1422
0.1582
0.1907
0.1973
0.1906
0.1535
0.0944
0.0576
0.0461
0.0594
0.0935
0.0901
0.0279
-0.0384
-0.0898
-0.1279
-0.1560
-0.1662
-0.1737
-0.1942
-0.2170
-0.2278
-0.2283
-0.1956
-0.1445
-0.1166
-0.1159
-0.1238
-0.1286
-0.1189
-0.0985
-0.0747
-0.0547
-0.0312
0.0100
0.0637
0.0913
0.0713
0.0333
0.0092
-0.0085
-0.0094
0.0160
0.0338
0.0241
-0.0050
-0.0242
-0.0327
-0.0330
-0.0191
-0.0015
-0.0133
-0.0397
-0.0564
-0.0503
-0.0279
-0.0066
-0.0033
-0.0281
-0.0509
-0.0480
-0.0245
0.0049
0.0527
0.1124
0.1658
0.2034
0.2372
0.2610
0.2591
0.2421
0.2138
0.1585
0.1030
0.0714
0.0588
0.0481
0.0541
0.0710
0.0599
0.0393
0.0163
-0.0207
-0.0549
-0.0848
-0.1018
-0.0933
-0.0786
-0.0673
-0.0635
-0.0667
-0.0704
-0.0837
-0.1004
-0.1332
-0.1512
-0.1457
-0.1239
-0.0975
-0.0803
-0.0730
-0.0590
-0.0626
-0.0898
-0.1146
-0.0922
-0.0244
0.0567
0.1037
0.1085
0.0851
0.0543
0.0128
-0.0013
0.0113
0.0246
0.0367
0.0322
0.0174
0.0015
-0.0122
-0.0225
-0.0301
-0.0199
-0.0072
-0.0207
-0.0571
-0.0866
-0.0748
-0.0323
0.0398
0.1173
0.1474
0.1064
0.0427
0.0183
0.0389
0.0478
0.0536
0.0490
0.0103
-0.0310
-0.0246
0.0020
0.0082
0.0161
0.0261
0.0230
0.0117
-0.0062
-0.0186
-0.0021
0.0334
0.0603
0.0563
0.0335
0.0130
-0.0160
-0.0302
-0.0278
-0.0167
-0.0127
-0.0087
0.0077
0.0313
0.0593
0.0690
0.0579
0.0536
0.0628
0.0629
0.0450
0.0232
0.0012
-0.0165
-0.0290
-0.0455
-0.0648
-0.0812
-0.0943
-0.0928
-0.0765
-0.0657
-0.0641
-0.0660
-0.0681
-0.0618
-0.0542
-0.0478
-0.0443
-0.0331
-0.0251
-0.0224
-0.0227
-0.0209
-0.0029
0.0203
0.0540
0.0798
0.0979
0.1026
0.0995
0.0871
0.0727
0.0687
0.0484
0.0190
-0.0040
-0.0014
0.0044
0.0268
0.0432
0.0369
0.0074
-0.0216
-0.0425
-0.0531
-0.0697
-0.0630
-0.0398
-0.0055
0.0220
0.0349
0.0375
0.0264
-0.0025
-0.0437
-0.0536
-0.0204
0.0108
0.0191
0.0187
-0.0012
-0.0334
-0.0519
-0.0474
-0.0240
0.0026
0.0301
0.0564
0.0632
0.0545
0.0186
-0.0257
-0.0474
-0.0406
-0.0221
-0.0023
-0.0007
-0.0181
-0.0511
-0.0825
-0.0906
-0.0788
-0.0657
-0.0796
-0.1018
-0.1079
-0.0932
-0.0656
-0.0347
-0.0174
-0.0068
0.0132
0.0446
0.0690
0.0827
0.0840
0.0824
0.0885
0.0962
0.1029
0.0954
0.0576
0.0188
0.0009
-0.0066
0.0037
0.0271
0.0239
-0.0045
-0.0181
-0.0082
0.0238
0.0610
0.0814
0.0806
0.0594
0.0332
0.0198
0.0135
0.0188
0.0279
0.0225
0.0106
0.0038
0.0030
0.0039
0.0001
-0.0175
-0.0386
-0.0563
-0.0746
-0.0663
-0.0281
0.0085
0.0184
0.0104
-0.0033
-0.0126
-0.0210
-0.0335
-0.0286
-0.0057
0.0166
0.0180
0.0066
-0.0053
-0.0199
-0.0277
-0.0187
0.0036
0.0324
0.0437
0.0307
-0.0043
-0.0453
-0.0752
-0.0812
-0.0760
-0.0657
-0.0541
-0.0554
-0.0668
-0.0758
-0.0864
-0.0945
-0.0955
-0.0829
-0.0606
-0.0421
-0.0172
-0.0005
0.0083
0.0191
0.0354
0.0613
0.0838
0.0937
0.1064
0.1255
0.1354
0.1264
0.1014
0.0880
0.0956
0.1066
0.1052
0.0891
0.0577
0.0273
0.0120
0.0123
0.0286
0.0335
0.0186
-0.0047
-0.0300
-0.0575
-0.0741
-0.0682
-0.0456
-0.0287
-0.0349
-0.0623
-0.0899
-0.0964
-0.0830
-0.0541
-0.0140
0.0062
0.0010
-0.0166
-0.0381
-0.0554
-0.0561
-0.0405
-0.0211
-0.0121
-0.0275
-0.0511
-0.0741
-0.0958
-0.0937
-0.0754
-0.0589
-0.0486
-0.0412
-0.0484
-0.0472
-0.0294
-0.0087
0.0053
0.0085
0.0011
-0.0065
-0.0067
-0.0057
-0.0031
0.0125
0.0345
0.0494
0.0631
0.0885
0.1169
0.1296
0.1240
0.1116
0.1038
0.1022
0.1024
0.1087
0.1238
0.1395
0.1467
0.1331
0.1041
0.0753
0.0599
0.0473
0.0507
0.0605
0.0523
0.0331
0.0153
-0.0059
-0.0211
-0.0334
-0.0401
-0.0416
-0.0456
-0.0512
-0.0481
-0.0426
-0.0360
-0.0341
-0.0342
-0.0386
-0.0499
-0.0609
-0.0773
-0.0775
-0.0666
-0.0463
-0.0244
-0.0051
0.0093
0.0073
0.0017
-0.0061
-0.0233
-0.0463
-0.0537
-0.0460
-0.0319
-0.0343
-0.0367
-0.0322
-0.0445
-0.0553
-0.0649
-0.0818
-0.0938
-0.0993
-0.0874
-0.0648
-0.0496
-0.0436
-0.0406
-0.0392
-0.0450
-0.0371
-0.0154
-0.0015
0.0077
0.0077
-0.0055
-0.0164
-0.0129
0.0052
0.0262
0.0429
0.0499
0.0482
0.0425
0.0353
0.0322
0.0437
0.0606
0.0690
0.0599
0.0429
0.0264
0.0203
0.0342
0.0472
0.0558
0.0629
0.0626
0.0645
0.0689
0.0711
0.0751
0.0766
0.0692
0.0535
0.0417
0.0382
0.0432
0.0591
0.0633
0.0486
0.0201
-0.0149
-0.0386
-0.0423
-0.0313
-0.0154
-0.0049
-0.0166
-0.0459
-0.0706
-0.0809
-0.0781
-0.0636
-0.0485
-0.0333
-0.0400
-0.0629
-0.0811
-0.0920
-0.0905
-0.0779
-0.0631
-0.0581
-0.0577
-0.0546
-0.0447
-0.0342
-0.0277
-0.0271
-0.0312
-0.0388
-0.0399
-0.0374
-0.0365
-0.0311
-0.0202
-0.0010
0.0150
0.0295
0.0434
0.0450
0.0401
0.0379
0.0408
0.0452
0.0526
0.0579
0.0502
0.0426
0.0370
0.0363
0.0378
0.0400
0.0519
0.0493
0.0317
0.0178
0.0068
0.0040
0.0182
0.0220
0.0321
0.0364
0.0170
0.0026
0.0024
-0.0046
-0.0144
-0.0167
-0.0113
0.0088
0.0339
0.0449
0.0427
0.0285
0.0069
0.0033
0.0121
0.0295
0.0368
0.0279
0.0128
-0.0018
-0.0041
0.0034
0.0158
0.0251
0.0274
0.0201
0.0086
-0.0029
-0.0112
-0.0125
-0.0064
0.0031
0.0023
-0.0050
-0.0101
-0.0114
-0.0070
-0.0065
-0.0152
-0.0288
-0.0418
-0.0448
-0.0343
-0.0149
-0.0018
-0.0133
-0.0340
-0.0455
-0.0488
-0.0449
-0.0327
-0.0152
-0.0052
0.0011
0.0040
-0.0014
-0.0122
-0.0284
-0.0395
-0.0336
-0.0178
-0.0044
0.0019
0.0036
0.0006
-0.0008
0.0014
0.0021
-0.0002
-0.0023
-0.0070
-0.0084
-0.0047
-0.0018
-0.0005
0.0048
0.0134
0.0203
0.0233
0.0246
0.0257
0.0234
0.0231
0.0240
0.0194
0.0125
0.0069
0.0011
-0.0003
0.0038
0.0092
0.0079
0.0028
-0.0012
-0.0032
-0.0056
-0.0104
-0.0149
-0.0170
-0.0201
-0.0176
-0.0138
-0.0137
-0.0119
-0.0064
-0.0019
0.0025
0.0064
0.0076
0.0059
0.0050
0.0053
0.0054
0.0043
0.0029
0.0040
0.0057
0.0056
0.0043
0.0023
0.0008
-0.0005
-0.0008
-0.0004
-0.0006
-0.0018
-0.0031
-0.0037
-0.0032
-0.0022
-0.0012
-0.0007
-0.0009
-0.0013
-0.0015
-0.0012
-0.0007
-0.0002
0.0002
0.0005
0.0006
0.0006
0.0007
0.0008
0.0009
0.0008
0.0008
0.0007
0.0007
0.0006
0.0006
0.0006
0.0006
0.0006
0.0006
0.0006
0.0006
0.0006
0.0006
0.0006
0.0006
0.0006
0.0007
0.0007
0.0007
0.0007
0.0007
0.0007
0.0007
0.0007
0.0180
0.0181
0.0183
0.0184
0.0186
0.0182
0.0185
0.0198
0.0194
0.0134
0.0170
0.0281
0.0268
0.0216
0.0166
0.0158
0.0227
0.0242
0.0263
0.0233
0.0076
-0.0025
0.0102
0.0402
0.0122
0.0236
-0.0024
-0.0040
-0.0102
0.0139
0.0738
0.0683
0.0779
0.0282
-0.0292
0.0140
-0.0100
-0.0232
0.0293
0.0021
-0.0203
-0.0046
-0.0385
0.0037
0.1117
0.0993
0.0546
-0.0079
-0.0600
-0.0729
0.0374
0.0960
0.1968
0.1623
0.0243
-0.0411
-0.0957
-0.1947
-0.0287
-0.0328
-0.0214
0.1294
0.1406
0.2244
0.0450
-0.0572
0.0548
0.0496
0.2215
0.1440
0.0151
-0.0747
-0.0792
0.0728
-0.0040
0.0942
0.2541
0.2976
0.1387
-0.0436
-0.1366
0.0067
-0.0815
-0.3318
-0.1508
0.1385
0.1071
0.2859
0.1700
0.0414
0.0281
-0.0641
0.1444
0.3312
0.3844
0.3408
0.0264
-0.2296
-0.5815
-0.8441
-0.7108
-0.7264
-0.9397
-0.7505
-0.6060
-0.6505
-0.5166
-0.0666
0.3902
0.2496
0.0599
-0.3022
-0.7759
-0.9516
-0.7453
-0.4103
-0.0506
-0.3250
-0.6355
-0.8127
-0.9165
-0.8784
-0.8629
-1.0468
-1.1476
-0.8980
0.3106
1.4970
1.8771
2.0382
2.2082
2.0353
1.5242
1.2877
1.2720
1.1183
1.1603
1.1671
1.4465
1.7121
1.0347
0.2727
-0.1891
-0.9990
-2.2465
-2.2591
-1.8568
-1.7011
-1.7922
-0.7869
-0.2990
-0.0956
-0.2354
0.2617
1.1251
0.9740
-0.5971
-0.9478
-0.4815
0.0976
0.2542
0.3390
0.6383
0.1801
-0.8451
-1.0541
-0.3174
0.3097
0.5580
0.5961
-0.3961
-1.4667
-1.5063
-0.6595
0.0604
0.3000
0.6611
1.1106
0.7569
0.0220
-0.3521
-0.5336
-0.8890
-0.9721
-0.7868
-0.9705
-1.5257
-1.9749
-1.8559
-2.0096
-2.1436
-2.2838
-1.9164
-1.5413
-0.8949
-0.6856
-0.5894
0.1953
0.4046
0.9984
1.1887
1.2360
1.4228
1.2942
0.6712
0.7408
1.1014
1.5693
2.4396
2.8675
3.0904
3.4265
3.4505
2.0105
0.3983
-1.0917
-2.1337
-1.9876
-1.1122
0.2675
1.0285
0.9847
0.9650
1.5237
1.8720
1.6721
1.0561
0.8087
0.2680
0.0887
0.1470
0.5182
0.4252
0.1967
0.1348
0.1315
0.0243
-0.8799
-1.7645
-2.1640
-1.9284
-1.5650
-1.7251
-1.9185
-2.7187
-3.2410
-2.9834
-2.6477
-2.2617
-1.9901
-2.1070
-2.3447
-1.4206
0.1601
0.9575
1.4227
1.7897
2.2700
2.8816
3.2710
3.3269
3.4009
2.7266
1.7813
1.4639
1.1489
1.1415
1.5153
2.1924
2.6477
2.6434
2.1844
1.5623
1.3201
0.5349
-0.8889
-1.5771
-1.7657
-0.8235
-0.5550
-0.5980
-0.6388
-1.3181
-1.3656
-0.9721
-0.4823
0.0022
0.2360
0.5128
0.4800
-0.1109
-1.0347
-2.8607
-3.9706
-4.1053
-3.4489
-1.8885
0.1291
2.4061
3.7531
4.1827
4.5200
4.7378
4.6596
3.4410
1.6757
0.3444
-1.3237
-2.6638
-3.2544
-3.1483
-1.4466
-0.2181
0.2621
0.3209
0.2191
0.1875
-0.0309
-1.3065
-2.7094
-3.2175
-3.3088
-3.0273
-2.2661
-0.7196
1.3223
2.1340
2.1299
1.6207
0.6570
-0.5661
-1.7720
-2.4641
-2.9826
-3.1507
-2.8110
-1.8666
-0.5133
0.7113
1.2264
0.8822
0.1663
0.0317
0.5014
1.0715
1.5153
2.0233
2.5537
2.7302
2.5329
2.3160
1.5501
0.4976
0.0176
-0.2099
-0.4161
-0.6641
-0.5500
-0.1520
0.1972
0.4106
0.1293
-0.9493
-1.6149
-1.5911
-0.8118
0.1580
0.7008
0.9533
1.1371
0.9729
0.1416
-0.8279
-1.6012
-1.6415
-0.8439
0.3532
1.2623
1.8311
2.1431
2.3300
2.2173
1.6089
-0.0657
-1.9634
-2.7457
-2.4373
-1.7177
-1.2317
-1.0350
-1.0674
-1.1307
-0.7679
-0.4453
-0.5038
-0.3741
-0.2207
0.2655
0.6205
0.9300
1.3109
1.5005
1.7003
1.5729
0.6921
0.0460
-0.4850
-0.7361
-0.1479
0.6665
1.4255
1.6174
1.6184
1.2288
0.4911
-0.2726
-0.9219
-1.5571
-2.1305
-2.0886
-1.1115
-0.5029
-0.0235
0.6512
0.8318
0.5937
0.4925
0.7957
0.7426
0.4269
0.3035
0.1953
0.0212
0.0791
-0.0862
-0.0193
0.2029
0.1026
-0.3312
-0.8605
-0.8986
-0.6210
-0.7085
-1.2452
-1.5801
-1.7923
-1.8227
-1.7852
-1.4871
-0.8278
-0.3082
-0.0053
0.1082
-0.3330
-0.2506
0.5228
0.3593
0.2008
-0.1592
0.1327
0.7189
0.7510
0.4448
-0.2503
-0.4859
-0.9906
-1.0709
-1.2571
-1.0371
-0.4263
0.5149
1.1941
1.6312
2.1555
2.5487
2.3672
1.8612
1.4382
1.0291
0.4332
0.0928
0.0426
0.0896
-0.1617
-0.0512
0.3037
0.8664
1.2079
1.3671
1.4389
1.4386
1.1694
0.8565
0.6209
0.3758
-0.0375
-0.4343
-0.7401
-0.7673
-0.8179
-1.0335
-1.2438
-1.4729
-1.5008
-1.5986
-1.4982
-1.1511
-0.2746
0.5920
0.7023
0.6684
0.5103
-0.5169
-1.6078
-2.0013
-1.6605
-0.8063
-0.0115
0.3330
0.4493
0.1215
-0.3667
-0.7324
-0.8293
-0.4079
0.3556
1.0634
1.3500
0.8805
0.0185
-0.9927
-1.8162
-2.0509
-1.7893
-1.2148
-0.5247
-0.2247
-0.2519
-0.1118
0.0598
0.1785
0.4190
0.7051
0.6820
0.6047
0.4894
0.1753
-0.0016
-0.1227
0.0629
0.3482
0.6599
1.1166
1.4544
1.7487
1.9038
1.9724
1.8683
1.1486
0.3671
-0.1877
-0.2041
0.1249
0.7374
1.5266
2.0252
1.7431
1.0795
0.3928
-0.4052
-1.3936
-2.3236
-2.5978
-2.0913
-1.3290
-0.7181
-0.5267
-0.6426
-1.0529
-1.4519
-1.6518
-1.3205
-0.6691
-0.1261
0.3612
0.5088
0.5155
0.3383
0.2594
0.0344
-0.1049
-0.0661
0.2815
0.5742
0.7017
0.7565
0.6898
0.2294
-0.5368
-1.1604
-1.3087
-0.8144
-0.1527
0.4345
1.1090
1.3222
1.2960
1.0097
0.7981
0.5364
0.1546
-0.0817
-0.2697
-0.1831
-0.5090
-0.7408
-0.5451
-0.4744
-0.3647
-0.3842
-0.3100
-0.4041
-0.6658
-0.8452
-0.8024
-0.5886
-0.4162
-0.5872
-0.9016
-0.8744
-0.5422
-0.1293
0.2409
0.5260
0.7773
0.9135
0.8758
0.6811
0.3727
0.2786
0.0441
-0.4626
-0.8150
-0.6358
-0.2350
0.1757
0.6881
1.3920
2.0299
2.4172
2.5880
2.3444
1.7603
0.9432
0.3140
0.0568
0.0190
0.0374
0.0393
-0.1111
-0.2841
-0.3593
-0.3089
-0.2726
-0.3384
-0.4728
-0.6776
-0.9810
-1.2631
-1.3838
-1.3201
-1.1619
-1.0061
-0.9764
-0.9412
-0.7891
-0.6818
-0.4771
-0.2323
0.0509
0.3646
0.6714
0.8802
0.8368
0.5487
0.2495
-0.0232
-0.3116
-0.4292
-0.3016
0.0254
0.3742
0.6313
0.7720
0.8193
0.8660
0.8918
0.7901
0.5648
0.3406
0.2157
0.1670
0.1477
0.1600
0.1404
0.0825
-0.0685
-0.3020
-0.4126
-0.4662
-0.5464
-0.4313
-0.1999
-0.0261
-0.0761
-0.3133
-0.5196
-0.6592
-0.6754
-0.5213
-0.4087
-0.4199
-0.4876
-0.5711
-0.5594
-0.3635
-0.1808
-0.0150
0.0419
0.0634
0.1198
0.1896
0.1921
0.0489
-0.1077
-0.1247
-0.0757
-0.0127
0.1668
0.3093
0.2848
0.1721
-0.0211
-0.2081
-0.2824
-0.2238
0.0396
0.2499
0.1954
0.1128
0.1004
0.1196
0.0702
0.0370
0.1007
0.2554
0.5529
0.7355
0.7809
0.8090
0.7801
0.6425
0.4512
0.3516
0.3337
0.3821
0.3798
0.3335
0.1728
0.0315
0.0049
0.1072
0.1395
0.0145
-0.1263
-0.2195
-0.2917
-0.3851
-0.4732
-0.5646
-0.6314
-0.7178
-0.7492
-0.6504
-0.5758
-0.5592
-0.5369
-0.4700
-0.4581
-0.4951
-0.4904
-0.3690
-0.2128
-0.1675
-0.0687
0.0586
0.1436
0.1813
0.1330
0.0551
-0.0406
-0.0391
0.0318
0.1095
0.2221
0.4135
0.5314
0.5171
0.3986
0.2261
0.0969
0.0739
0.1074
0.1643
0.0904
-0.0240
-0.1218
-0.0939
0.1129
0.2915
0.3545
0.3123
0.2411
0.0764
-0.0970
-0.1703
-0.0579
0.0778
0.1319
0.2043
0.2957
0.3355
0.3423
0.3081
0.2043
0.1118
0.0787
0.0650
0.0829
0.0652
-0.0017
-0.1028
-0.2514
-0.3860
-0.4129
-0.3369
-0.2498
-0.1400
-0.0912
-0.1690
-0.2740
-0.3611
-0.4374
-0.4520
-0.3796
-0.2842
-0.2400
-0.2115
-0.1838
-0.1426
-0.0745
0.0213
0.0849
0.0470
-0.0526
-0.1554
-0.2255
-0.1955
-0.0151
0.1795
0.3054
0.3269
0.3257
0.2724
0.1735
0.0481
0.0385
0.1049
0.1674
0.2074
0.2331
0.2544
0.3479
0.4531
0.4773
0.4180
0.3282
0.2637
0.2442
0.2574
0.2693
0.2175
0.1830
0.2031
0.2067
0.2365
0.2764
0.2784
0.1963
0.0796
-0.0590
-0.2217
-0.3981
-0.5122
-0.5642
-0.5655
-0.5558
-0.5259
-0.4897
-0.4193
-0.4036
-0.4400
-0.4670
-0.4402
-0.4339
-0.4390
-0.3735
-0.2589
-0.1566
-0.0748
0.0090
0.0800
0.0966
0.0414
-0.0139
-0.0342
-0.0337
-0.0516
-0.0425
0.0243
0.0818
0.1107
0.0989
0.0897
0.1007
0.1187
0.1278
0.1421
0.1653
0.2032
0.2095
0.2174
0.2798
0.3462
0.3711
0.4091
0.4510
0.4118
0.3079
0.2123
0.1544
0.1660
0.2766
0.3576
0.3902
0.4028
0.3846
0.2970
0.1724
0.0557
0.0066
0.0049
0.0080
0.0274
0.0252
-0.0148
-0.0717
-0.1313
-0.1944
-0.2405
-0.3288
-0.4273
-0.4978
-0.5086
-0.4645
-0.4374
-0.3625
-0.2953
-0.2612
-0.2257
-0.1776
-0.1463
-0.1509
-0.2080
-0.2580
-0.2791
-0.2714
-0.2535
-0.2269
-0.2018
-0.1852
-0.1879
-0.2105
-0.2599
-0.2972
-0.2458
-0.1717
-0.1176
-0.0774
-0.0509
0.0062
0.1074
0.1968
0.2399
0.2591
0.2450
0.2055
0.1533
0.1212
0.1227
0.1704
0.2471
0.3038
0.3405
0.3646
0.3710
0.3584
0.3402
0.2939
0.2919
0.2997
0.3093
0.3164
0.3516
0.3865
0.3352
0.2199
0.1207
0.1145
0.1584
0.2026
0.2010
0.1450
0.0741
-0.0223
-0.1035
-0.0880
-0.0255
0.0154
0.0161
-0.0294
-0.1183
-0.2072
-0.2660
-0.2803
-0.2766
-0.2640
-0.2819
-0.2737
-0.2047
-0.1524
-0.1720
-0.2153
-0.2550
-0.2870
-0.2941
-0.2697
-0.2208
-0.1648
-0.1265
-0.0928
-0.0754
-0.0537
-0.0433
-0.0285
-0.0373
-0.0749
-0.1317
-0.1436
-0.1126
-0.0939
-0.0721
-0.0100
0.0638
0.1462
0.1958
0.2069
0.1948
0.1490
0.0902
0.0915
0.1148
0.1420
0.1238
0.0733
0.0250
-0.0033
0.0012
0.0288
0.0645
0.1171
0.1767
0.1929
0.1619
0.0917
-0.0099
-0.0914
-0.0954
-0.0524
-0.0472
-0.0597
-0.0410
0.0003
0.0288
0.0263
0.0418
0.0480
0.0523
-0.0031
-0.1030
-0.1644
-0.1312
-0.0518
0.0567
0.1568
0.1979
0.1452
-0.0448
-0.2268
-0.2939
-0.2248
-0.0704
0.0860
0.1699
0.1621
0.0703
-0.0678
-0.1258
-0.1363
-0.1033
-0.0358
0.0453
0.1036
0.0734
0.0398
0.0348
0.0778
0.1189
0.1133
0.0761
-0.0017
-0.0827
-0.0981
-0.0736
-0.0031
0.0690
0.1383
0.1550
0.1420
0.1025
0.0527
0.0349
0.0307
0.0407
0.0802
0.0972
0.0404
-0.0374
-0.0851
-0.0681
-0.0264
0.0282
0.0487
0.0407
-0.0029
-0.0786
-0.1555
-0.2336
-0.2807
-0.2831
-0.2472
-0.2111
-0.1454
-0.0554
-0.0029
0.0392
0.0794
0.0736
0.0518
0.0607
0.0924
0.0966
0.1154
0.1356
0.1192
0.1008
0.1008
0.0934
0.0584
0.0294
0.0114
0.0032
0.0083
0.0399
0.0299
-0.0523
-0.1368
-0.1696
-0.1477
-0.1127
-0.0555
-0.0241
-0.0396
-0.0992
-0.1458
-0.1560
-0.1745
-0.1950
-0.1607
-0.0550
0.0659
0.1291
0.1463
0.1315
0.0433
-0.0483
-0.0746
-0.0187
0.0348
0.0694
0.0875
0.0746
0.0934
0.1153
0.1102
0.1043
0.0753
0.0411
0.0640
0.1432
0.2080
0.1872
0.1379
0.0673
-0.0238
-0.0710
-0.0400
0.0445
0.0961
0.1164
0.1085
0.0513
0.0069
-0.0081
0.0005
-0.0340
-0.1107
-0.1847
-0.2082
-0.1654
-0.0952
-0.0274
0.0237
0.0463
0.0697
0.0455
0.0251
0.0255
-0.0217
-0.0819
-0.1268
-0.0967
-0.0124
0.0652
0.0843
0.0532
-0.0105
-0.0644
-0.0906
-0.1107
-0.1293
-0.1671
-0.1752
-0.1542
-0.1289
-0.1006
-0.0498
-0.0375
-0.0800
-0.1075
-0.1052
-0.0811
-0.0677
-0.0483
-0.0429
-0.0232
-0.0100
-0.0225
-0.0172
-0.0188
-0.0222
-0.0022
0.0355
0.0747
0.0723
0.0266
-0.0248
-0.0448
-0.0332
0.0384
0.1436
0.2210
0.2065
0.1418
0.0758
0.0361
0.0245
0.0814
0.1652
0.2267
0.2018
0.1253
0.0692
0.0357
0.0118
0.0159
0.0298
0.0153
0.0290
0.0891
0.1438
0.1461
0.0979
0.0316
-0.0083
-0.0134
0.0336
0.1108
0.1592
0.1858
0.1655
0.0974
0.0136
-0.0497
-0.0644
-0.0366
-0.0165
-0.0108
-0.0279
-0.0403
-0.0593
-0.0777
-0.0665
-0.0673
-0.1009
-0.1383
-0.1688
-0.1816
-0.1755
-0.1578
-0.1513
-0.1755
-0.1810
-0.1682
-0.1591
-0.1799
-0.2246
-0.2478
-0.2229
-0.1582
-0.0777
-0.0255
0.0028
0.0061
-0.0201
-0.0356
-0.0235
0.0350
0.0923
0.1504
0.1934
0.1984
0.1897
0.1575
0.1166
0.1007
0.0834
0.0602
0.0571
0.0673
0.0855
0.0676
0.0327
0.0545
0.0967
0.1206
0.0918
0.0476
0.0329
-0.0091
-0.0673
-0.0685
-0.0381
-0.0259
-0.0436
-0.0287
-0.0093
0.0083
0.0059
0.0435
0.0543
-0.0028
-0.0365
0.0074
0.0612
0.0942
0.1074
0.1016
0.0516
-0.0265
-0.0474
-0.0080
0.0347
0.0471
0.0480
0.0460
0.0197
0.0091
0.0077
0.0123
0.0119
0.0092
-0.0175
-0.0626
-0.1027
-0.1015
-0.0676
-0.0400
-0.0124
0.0130
0.0136
-0.0104
-0.0677
-0.1184
-0.1414
-0.1492
-0.1566
-0.1401
-0.1298
-0.0920
-0.1033
-0.1154
-0.0808
-0.0729
-0.0838
-0.0495
0.0399
0.0525
0.0287
0.0571
0.0711
0.0318
0.0297
0.0578
0.0664
0.0494
0.0427
0.0333
0.0422
0.0727
0.1208
0.1531
0.1964
0.1709
0.0735
-0.0590
-0.1305
-0.0793
0.0030
0.0631
0.0776
0.0723
0.0426
-0.0259
-0.0835
-0.1150
-0.1196
-0.1179
-0.0981
-0.1028
-0.0691
-0.0156
-0.0020
-0.0303
-0.0319
-0.0052
-0.0216
-0.0352
0.0239
0.0943
0.0865
0.0722
0.0417
0.0033
-0.0059
0.0208
0.0605
0.0766
0.1170
0.1406
0.1139
0.0584
0.0436
0.0801
0.0623
0.1295
0.1576
0.1471
0.1173
0.0799
0.0304
0.0420
0.0635
0.0315
-0.0490
-0.0996
-0.0995
-0.0922
-0.0865
-0.0567
0.0240
0.0545
0.0288
-0.0087
-0.0616
-0.0967
-0.1049
-0.0873
-0.0947
-0.0923
-0.0447
-0.0393
-0.1107
-0.1344
-0.1201
-0.1017
-0.0489
0.0379
0.0816
0.0554
0.0235
0.0079
0.0109
0.0285
0.0274
0.0126
0.0132
0.0051
-0.0302
-0.0809
-0.0849
-0.0484
-0.0377
-0.0240
-0.0120
0.0104
0.0009
-0.0223
-0.0548
-0.0508
-0.0310
-0.0328
-0.0411
-0.0222
-0.0193
-0.0185
-0.0008
0.0149
0.0244
0.0264
0.0302
0.0105
-0.0140
-0.0282
-0.0147
0.0435
0.1109
0.1394
0.1405
0.1295
0.1235
0.1036
0.0664
0.0373
0.0009
-0.0040
-0.0016
0.0123
0.0230
0.0246
0.0132
-0.0347
-0.0581
-0.0621
-0.0537
-0.0292
-0.0066
-0.0237
-0.0453
-0.0428
-0.0336
-0.0209
-0.0220
-0.0207
-0.0233
-0.0214
-0.0219
0.0026
0.0401
0.0384
0.0136
0.0003
-0.0189
-0.0164
0.0072
0.0497
0.0576
0.0285
-0.0028
-0.0217
-0.0487
-0.0631
-0.0803
-0.0906
-0.1005
-0.1042
-0.1074
-0.0863
-0.0680
-0.0456
-0.0193
0.0077
0.0145
0.0017
-0.0001
0.0026
0.0159
0.0355
0.0634
0.0787
0.0714
0.0686
0.0754
0.0948
0.0938
0.0812
0.0698
0.0616
0.0636
0.0614
0.0579
0.0511
0.0487
0.0677
0.0768
0.0555
0.0334
0.0217
0.0116
-0.0085
-0.0252
-0.0244
-0.0298
-0.0298
-0.0253
-0.0287
-0.0324
-0.0339
-0.0380
-0.0443
-0.0600
-0.0695
-0.0554
-0.0319
-0.0154
0.0060
0.0248
0.0367
0.0297
0.0163
-0.0082
-0.0084
-0.0163
-0.0345
-0.0441
-0.0414
-0.0503
-0.0586
-0.0706
-0.0911
-0.1015
-0.0836
-0.0724
-0.0610
-0.0253
0.0060
0.0104
-0.0051
-0.0320
-0.0564
-0.0708
-0.0516
-0.0095
0.0067
-0.0003
-0.0301
-0.0387
-0.0377
-0.0240
-0.0026
0.0249
0.0449
0.0543
0.0349
0.0297
0.0353
0.0564
0.0835
0.0997
0.0998
0.0858
0.0520
0.0289
0.0327
0.0538
0.0679
0.0676
0.0525
0.0328
0.0200
0.0254
0.0397
0.0446
0.0356
0.0173
0.0004
-0.0090
0.0109
0.0428
0.0501
0.0258
0.0345
-0.0095
-0.0104
-0.0125
-0.0083
0.0237
0.0392
0.0113
-0.0092
-0.0310
-0.0391
-0.0373
-0.0161
0.0245
0.0446
0.0566
0.0444
0.0186
-0.0133
-0.0343
-0.0430
-0.0555
-0.0567
-0.0375
-0.0444
-0.0702
-0.0945
-0.1118
-0.0962
-0.0704
-0.0384
0.0086
0.0420
0.0231
-0.0056
0.0038
0.0271
0.0436
0.0087
-0.0026
-0.0216
-0.0349
-0.0283
-0.0254
-0.0342
-0.0576
-0.0409
-0.0311
-0.0291
0.0001
0.0346
0.0433
0.0544
0.0707
0.0524
0.0405
0.0360
0.0390
0.0386
0.0558
0.0526
0.0185
-0.0029
-0.0196
-0.0183
-0.0134
0.0052
0.0214
0.0188
0.0029
-0.0072
0.0068
0.0156
0.0211
0.0281
0.0116
-0.0219
-0.0365
-0.0497
-0.0402
0.0036
0.0500
0.0573
0.0346
0.0038
-0.0370
-0.0815
-0.0855
-0.0739
-0.0472
-0.0312
-0.0384
-0.0430
-0.0504
-0.0714
-0.0833
-0.0708
-0.0560
-0.0751
-0.0812
-0.0638
-0.0613
-0.0481
-0.0093
0.0306
0.0212
0.0318
0.0369
0.0420
0.0316
0.0257
0.0393
0.0426
0.0483
0.0389
0.0501
0.0605
0.0545
0.0503
0.0377
0.0335
0.0408
0.0280
-0.0008
-0.0230
-0.0218
-0.0004
-0.0108
-0.0404
-0.0289
-0.0016
-0.0080
-0.0046
-0.0016
-0.0168
-0.0426
-0.0165
-0.0001
0.0248
0.0504
0.0720
0.0411
0.0052
0.0124
0.0244
0.0425
0.0594
0.0678
0.0741
0.0852
0.0806
0.0699
0.0812
0.0544
0.0064
0.0042
0.0133
0.0112
-0.0028
-0.0005
-0.0230
-0.0550
-0.0660
-0.0570
-0.0719
-0.0439
-0.0238
-0.0269
-0.0405
-0.0215
0.0120
0.0093
-0.0118
-0.0188
-0.0339
-0.0345
-0.0291
-0.0135
0.0190
0.0450
0.0432
0.0287
0.0168
0.0023
0.0000
0.0017
0.0024
0.0105
0.0017
-0.0143
-0.0289
-0.0374
-0.0454
-0.0428
-0.0272
-0.0117
-0.0065
-0.0144
-0.0283
-0.0682
-0.0664
-0.0637
-0.0476
-0.0455
-0.0342
-0.0346
-0.0389
-0.0372
-0.0251
-0.0071
0.0065
-0.0028
-0.0048
-0.0074
-0.0049
0.0120
0.0262
0.0326
0.0249
0.0271
0.0225
0.0171
0.0283
0.0446
0.0587
0.0458
0.0375
0.0364
0.0301
0.0237
0.0354
0.0452
0.0339
0.0215
0.0130
0.0115
-0.0024
0.0016
0.0104
0.0086
-0.0024
-0.0262
-0.0361
-0.0377
0.0017
0.0302
0.0331
0.0345
0.0248
-0.0193
-0.0335
-0.0180
0.0064
-0.0035
-0.0114
-0.0041
-0.0178
-0.0057
-0.0171
-0.0138
-0.0141
-0.0093
0.0182
0.0162
0.0259
0.0396
0.0556
0.0549
0.0380
0.0399
0.0312
0.0081
-0.0005
0.0073
0.0084
-0.0036
-0.0061
-0.0091
-0.0170
-0.0105
-0.0114
-0.0039
-0.0086
-0.0145
-0.0325
-0.0244
-0.0174
-0.0053
-0.0158
-0.0319
-0.0490
-0.0528
-0.0465
-0.0338
-0.0104
0.0061
0.0006
-0.0221
-0.0454
-0.0552
-0.0695
-0.0675
-0.0307
-0.0024
-0.0024
-0.0070
-0.0174
-0.0179
-0.0240
-0.0234
-0.0156
-0.0042
-0.0074
0.0097
0.0137
0.0304
0.0397
0.0547
0.0499
0.0522
0.0534
0.0642
0.0777
0.0548
0.0380
0.0447
0.0430
0.0295
0.0297
0.0402
0.0179
0.0088
0.0002
-0.0162
-0.0140
-0.0138
-0.0173
-0.0282
-0.0358
-0.0327
-0.0221
-0.0163
-0.0146
-0.0148
-0.0001
0.0024
0.0061
-0.0109
-0.0089
-0.0086
-0.0209
-0.0205
-0.0040
0.0022
0.0042
0.0106
0.0162
0.0061
0.0079
0.0059
0.0058
0.0086
0.0089
0.0089
0.0105
0.0101
0.0035
0.0035
0.0064
0.0073
0.0053
0.0058
0.0061
-0.0012
-0.0046
-0.0045
-0.0068
-0.0063
-0.0059
-0.0051
-0.0072
-0.0072
-0.0059
-0.0055
-0.0058
-0.0073
-0.0089
-0.0098
-0.0096
-0.0084
-0.0066
-0.0056
-0.0047
-0.0033
-0.0022
-0.0013
-0.0005
-0.0002
-0.0005
-0.0004
-0.0000
0.0001
0.0005
0.0008
0.0008
0.0007
0.0007
0.0006
0.0004
0.0003
0.0002
0.0002
0.0002
0.0002
0.0001
0.0000
0.0000
0.0000
-0.0000
-0.0000
-0.0000
-0.0000
-0.0000
-0.0000
-0.0000
-0.0000
-0.0000
-0.0000
-0.0000
-0.0000
-0.0000
-0.0000
-0.0000
-0.0000
-0.0000
-0.0000
-0.0000
-0.0000
-0.0000
-0.0000
-0.0000
-0.0000
-0.0000
-0.0000
-0.0000
0.0000
-0.0001
-0.0001
-0.0001
-0.0001
-0.0001
-0.0001
-0.0001
-0.0001
-0.0001
-0.0001
-0.0001
-0.0001
-0.0001
-0.0001
-0.0001
-0.0001
-0.0001
-0.0001
-0.0001
-0.0001
-0.0000
-0.0000
-0.0000
-0.0000
-0.0000
-0.0000
-0.0000
-0.0000
-0.0000
-0.0000
-0.0000
-0.0000
-0.0000
-0.0000
-0.0000
-0.0000
-0.0000
-0.0000
-0.0000
-0.0000
-0.0000
-0.0000
-0.0000
-0.0000
-0.0000
-0.0000
-0.0000
-0.0000
-0.0000
-0.0000
-0.0000
-0.0000
-0.0000
-0.0000
-0.0000
-0.0000
-0.0000
0.0000
-0.0000
0.0000
0.0000
0.0000
0.0000
0.0000
0.0000
0.0000
0.0000
0.0000
0.0000
0.0000
0.0000
0.0000
0.0000
0.0000
0.0000
0.0000
0.0000
0.0000
0.0000
0.0000
0.0000
0.0001
0.0001
0.0000
0.0001
0.0001
0.0000
0.0001
0.0001
0.0001
0.0001
0.0000
0.0001
0.0001
0.0001
0.0001
0.0001
0.0001
0.0001
0.0001
0.0001
0.0001
0.0001
0.0001
0.0001
0.0002
0.0001
0.0000
0.0001
0.0002
0.0000
0.0001
0.0001
0.0001
0.0001
0.0001
0.0001
0.0001
0.0001
0.0001
0.0001
0.0001
0.0002
0.0000
0.0001
0.0001
0.0000
0.0001
0.0001
-0.0000
0.0002
0.0002
-0.0001
0.0001
0.0001
-0.0000
0.0001
-0.0003
-0.0026
-0.0036
0.0011
0.0079
0.0079
0.0008
-0.0055
-0.0057
-0.0037
-0.0041
-0.0002
0.0040
-0.0015
-0.0113
-0.0071
0.0068
0.0139
0.0197
0.0219
0.0167
-0.0094
-0.0462
-0.0502
-0.0192
0.0164
0.0141
-0.0104
-0.0498
-0.0209
-0.0070
-0.0202
0.0055
0.0633
0.1104
0.0429
-0.0158
0.0325
0.0359
-0.0890
-0.1437
-0.0752
0.0426
0.0401
0.0220
-0.0394
-0.0320
-0.0793
-0.0569
0.0786
0.1441
0.1759
0.0274
-0.0193
-0.0049
-0.0735
-0.0997
-0.0354
0.0899
0.1160
0.0451
0.0775
-0.1092
-0.1679
0.0344
0.0101
-0.0052
-0.0588
-0.1059
0.1384
0.2529
0.1370
-0.0261
0.0655
0.0164
-0.0974
-0.0569
0.0919
0.3111
0.1426
-0.0753
-0.1400
-0.1401
-0.1679
-0.1312
-0.0137
0.1728
0.2161
0.1193
0.0663
0.0250
-0.1419
-0.3532
-0.2073
0.0664
0.1424
0.1155
0.0979
0.0831
0.0167
-0.1066
-0.0961
-0.0799
-0.0255
0.0434
0.1055
0.0814
-0.0362
-0.0713
-0.0586
0.0081
0.1734
0.1054
-0.0833
-0.0948
0.0381
0.2994
0.3311
0.0735
-0.2099
-0.1922
0.0158
0.0949
0.0567
-0.1925
-0.7647
-1.0903
-1.0751
-1.0637
-1.1050
-1.2167
-1.5648
-1.9293
-1.9654
-1.4683
-0.4281
0.3598
1.1452
2.2465
2.9331
2.6549
2.0506
1.5314
0.3895
-0.5065
-0.4134
-0.0587
0.5033
1.3714
1.6056
1.4888
1.2229
0.7085
0.3812
0.3572
0.1972
-0.3809
-0.8604
-0.9114
-0.6645
-0.2677
-0.2352
-0.5586
-0.7985
-0.5835
-0.4089
-0.1678
0.2149
0.3177
0.3674
0.6776
0.9189
0.9554
0.6226
0.2398
-0.1464
-0.7648
-1.3885
-1.5548
-1.3159
-1.0568
-0.9337
-0.5467
-0.2145
0.1201
0.2961
-0.0170
-0.4690
-0.6800
-0.4463
-0.0402
0.3264
0.7297
1.0412
0.9924
0.5748
-0.0887
-0.6579
-0.8721
-0.4917
-0.2179
-0.2086
-0.0932
-0.0164
-0.1099
-0.4145
-0.4871
-0.1073
0.3186
0.6240
0.7577
0.7033
0.4795
0.2301
0.0181
0.0662
0.2727
0.3101
0.3798
0.6052
0.8227
0.6990
0.2079
-0.1685
-0.3822
-0.5853
-0.3709
-0.0633
0.0341
-0.0522
-0.2833
-0.4398
-0.1979
0.1780
0.3796
0.3552
0.1686
-0.2349
-0.6201
-0.7456
-0.6007
-0.4335
-0.3892
-0.3575
-0.2233
-0.1534
-0.1011
0.0174
0.1321
0.2380
0.3812
0.5209
0.6025
0.7344
0.9284
1.1120
1.0613
0.7051
0.2542
-0.3088
-0.9032
-1.1355
-1.1343
-1.0884
-0.8480
-0.4937
-0.3004
-0.1948
-0.0173
0.2402
0.4472
0.4467
0.4150
0.4447
0.4506
0.3497
0.1960
-0.0376
-0.3215
-0.5075
-0.4598
-0.2559
-0.0201
0.2321
0.4377
0.5742
0.5011
0.3294
0.2241
0.2109
0.1272
-0.0868
-0.1943
-0.1537
-0.2388
-0.4814
-0.6103
-0.5838
-0.7034
-0.8542
-0.7127
-0.3288
-0.0865
0.1026
0.3033
0.2729
0.1630
0.2480
0.3620
0.2911
0.1074
-0.0769
-0.0879
0.1185
0.2867
0.4132
0.5142
0.4513
0.2940
0.2315
0.2560
0.2885
0.1855
0.0774
0.0229
-0.0102
-0.0051
-0.1140
-0.2412
-0.2653
-0.1424
0.0605
0.2262
0.2552
0.0987
-0.1383
-0.2587
-0.1371
-0.0182
-0.0013
-0.0244
-0.0828
-0.1681
-0.2234
-0.2553
-0.2421
-0.1138
-0.0149
0.0606
0.0516
-0.0249
-0.1052
-0.1759
-0.2024
-0.1510
-0.0781
-0.0468
-0.1188
-0.2123
-0.2103
-0.1544
-0.1004
-0.0555
0.0002
-0.0110
-0.0738
-0.0477
0.0101
0.0464
0.1150
0.1448
0.0919
0.0859
0.1106
0.1371
0.2192
0.3373
0.3940
0.3208
0.2428
0.2447
0.2260
0.2206
0.2276
0.1967
0.0940
-0.0934
-0.2667
-0.3449
-0.3676
-0.3588
-0.2979
-0.2121
-0.1327
-0.0870
-0.1061
-0.1005
-0.0627
-0.0789
-0.0763
-0.0059
0.0817
0.1278
0.1210
0.0829
0.0602
0.0757
0.0650
0.0889
0.1197
0.0976
0.0509
-0.0079
-0.0216
-0.0013
0.0090
0.0588
0.1228
0.1516
0.1117
0.0844
0.0170
0.0401
0.2130
0.3417
0.3106
0.1949
0.0477
-0.1509
-0.3054
-0.3278
-0.2545
-0.1115
0.0019
0.0118
-0.0288
-0.0170
-0.0518
-0.1383
-0.2084
-0.2597
-0.2592
-0.2310
-0.1937
-0.1722
-0.1671
-0.1534
-0.0925
0.0023
0.1084
0.1384
0.1030
0.0886
0.1051
0.1161
0.1410
0.1615
0.1771
0.1707
0.1263
0.0759
0.0275
-0.0342
-0.0363
0.0468
0.1034
0.0981
0.0611
-0.0044
-0.0794
-0.0756
-0.0464
-0.0146
0.0031
-0.0342
-0.0886
-0.0875
-0.1012
-0.1173
-0.1279
-0.1506
-0.1451
-0.1274
-0.1120
-0.1098
-0.1112
-0.0801
-0.0188
0.0100
0.0224
0.0425
0.0680
0.0842
0.0959
0.0535
0.0113
0.0318
0.0830
0.1426
0.1873
0.2354
0.2773
0.2648
0.2371
0.2201
0.1758
0.1350
0.1368
0.1156
0.0948
0.0917
0.0533
-0.0055
-0.0089
0.0098
-0.0063
-0.0344
-0.0365
-0.0394
-0.0609
-0.1363
-0.2129
-0.2522
-0.2592
-0.2343
-0.1777
-0.1279
-0.1146
-0.1307
-0.1509
-0.1673
-0.1749
-0.1712
-0.1623
-0.1387
-0.0850
-0.0366
-0.0365
-0.0683
-0.1050
-0.0977
-0.0542
0.0079
0.0788
0.1111
0.1044
0.0570
-0.0302
-0.0422
0.0369
0.1023
0.1211
0.1740
0.2295
0.2448
0.2320
0.1779
0.0954
0.0368
0.0488
0.0877
0.1022
0.0962
0.0667
0.0183
-0.0101
-0.0452
-0.1035
-0.1445
-0.1688
-0.1631
-0.1051
-0.0381
0.0201
0.0408
0.0199
0.0147
0.0415
0.0410
0.0110
-0.0119
-0.0014
0.0585
0.1354
0.1585
0.1319
0.1026
0.0713
0.0407
0.0502
0.0833
0.1032
0.0900
0.0496
0.0094
-0.0267
-0.0427
-0.0571
-0.0961
-0.0949
-0.0688
-0.0729
-0.0765
-0.0689
-0.0775
-0.0975
-0.1109
-0.1040
-0.0756
-0.0908
-0.1275
-0.1445
-0.1519
-0.1552
-0.1323
-0.0783
-0.0593
-0.0637
-0.0579
-0.0578
-0.0369
0.0019
0.0276
0.0466
0.0483
0.0443
0.0525
0.0536
0.0477
0.0552
0.0772
0.0987
0.1270
0.1544
0.1737
0.1768
0.1731
0.1624
0.1557
0.1911
0.2187
0.1884
0.1292
0.0733
0.0377
0.0309
0.0027
-0.0656
-0.1122
-0.1354
-0.1529
-0.1598
-0.1553
-0.1507
-0.1568
-0.1778
-0.1995
-0.2075
-0.2044
-0.1874
-0.1384
-0.0740
-0.0140
0.0166
0.0106
-0.0327
-0.0641
-0.0443
-0.0016
0.0514
0.0945
0.1230
0.1530
0.1485
0.1161
0.1000
0.1088
0.1312
0.1358
0.1393
0.1498
0.1536
0.1465
0.1178
0.0960
0.0878
0.0728
0.0317
-0.0325
-0.0836
-0.1145
-0.1282
-0.1358
-0.1575
-0.1858
-0.2070
-0.2087
-0.1809
-0.1334
-0.1052
-0.0927
-0.0726
-0.0554
-0.0338
0.0027
0.0185
0.0324
0.0558
0.0659
0.0509
0.0269
0.0061
0.0025
0.0309
0.0719
0.0905
0.1081
0.1299
0.1289
0.1155
0.0986
0.0610
0.0314
0.0163
0.0211
0.0276
0.0282
0.0034
-0.0419
-0.0739
-0.0890
-0.0978
-0.0880
-0.0583
-0.0419
-0.0490
-0.0613
-0.0628
-0.0284
-0.0176
-0.0354
-0.0450
-0.0433
-0.0271
-0.0067
0.0213
0.0544
0.0652
0.0524
0.0506
0.0530
0.0653
0.1020
0.1293
0.1399
0.1420
0.1152
0.0619
0.0211
0.0131
0.0158
-0.0034
-0.0368
-0.0688
-0.0962
-0.1156
-0.1217
-0.1153
-0.1021
-0.0939
-0.0744
-0.0320
0.0005
0.0044
0.0016
-0.0169
-0.0401
-0.0370
-0.0255
-0.0060
0.0138
0.0194
0.0176
0.0092
0.0031
-0.0040
-0.0211
-0.0237
-0.0039
0.0141
0.0309
0.0520
0.0565
0.0520
0.0320
0.0001
-0.0206
-0.0111
0.0010
0.0079
0.0221
0.0325
0.0302
0.0257
0.0403
0.0605
0.0668
0.0547
0.0328
0.0064
-0.0262
-0.0385
-0.0310
-0.0286
-0.0324
-0.0400
-0.0509
-0.0537
-0.0376
-0.0243
-0.0120
0.0021
-0.0070
-0.0246
-0.0154
0.0010
0.0091
0.0289
0.0513
0.0513
0.0314
0.0163
0.0217
0.0255
0.0281
0.0390
0.0350
0.0143
0.0106
0.0198
0.0232
0.0179
-0.0010
-0.0115
-0.0140
-0.0142
-0.0175
-0.0291
-0.0585
-0.0822
-0.0774
-0.0560
-0.0404
-0.0361
-0.0569
-0.0829
-0.0823
-0.0576
-0.0202
0.0122
0.0240
0.0092
-0.0121
-0.0335
-0.0645
-0.0732
-0.0512
-0.0030
0.0446
0.0706
0.0828
0.0926
0.0997
0.0956
0.0882
0.0934
0.1132
0.1313
0.1334
0.0924
0.0337
-0.0003
-0.0124
-0.0215
-0.0198
-0.0137
-0.0168
-0.0243
-0.0230
-0.0080
-0.0122
-0.0375
-0.0428
-0.0323
-0.0161
-0.0038
-0.0143
-0.0302
-0.0289
-0.0351
-0.0498
-0.0568
-0.0736
-0.0890
-0.0878
-0.0830
-0.0692
-0.0612
-0.0617
-0.0449
-0.0244
-0.0099
0.0074
0.0254
0.0352
0.0433
0.0415
0.0205
0.0062
0.0097
0.0224
0.0415
0.0504
0.0301
0.0196
0.0322
0.0399
0.0420
0.0465
0.0534
0.0750
0.0990
0.0989
0.0831
0.0512
0.0142
-0.0051
-0.0177
-0.0282
-0.0284
-0.0180
-0.0161
-0.0357
-0.0518
-0.0500
-0.0496
-0.0504
-0.0483
-0.0351
-0.0233
-0.0178
-0.0115
-0.0031
0.0005
-0.0064
-0.0117
-0.0079
0.0043
0.0172
0.0273
0.0328
0.0355
0.0310
0.0136
0.0044
0.0121
0.0214
0.0196
0.0089
0.0021
0.0048
0.0059
0.0042
-0.0002
-0.0080
-0.0146
-0.0270
-0.0369
-0.0358
-0.0292
-0.0400
-0.0499
-0.0388
-0.0225
-0.0101
-0.0025
-0.0021
-0.0030
0.0011
-0.0044
-0.0222
-0.0339
-0.0293
-0.0175
-0.0102
0.0004
0.0112
0.0103
0.0000
-0.0062
0.0003
0.0186
0.0377
0.0493
0.0520
0.0463
0.0474
0.0470
0.0433
0.0424
0.0439
0.0422
0.0380
0.0343
0.0279
0.0189
0.0005
-0.0152
-0.0235
-0.0296
-0.0362
-0.0447
-0.0474
-0.0376
-0.0302
-0.0319
-0.0347
-0.0326
-0.0276
-0.0220
-0.0032
0.0109
0.0093
0.0178
0.0452
0.0676
0.0706
0.0603
0.0440
0.0277
0.0235
0.0317
0.0298
0.0165
0.0025
-0.0068
-0.0123
-0.0162
-0.0273
-0.0472
-0.0591
-0.0629
-0.0640
-0.0619
-0.0666
-0.0727
-0.0612
-0.0405
-0.0276
-0.0298
-0.0434
-0.0614
-0.0622
-0.0425
-0.0183
0.0117
0.0440
0.0537
0.0475
0.0447
0.0365
0.0324
0.0460
0.0588
0.0552
0.0339
0.0054
-0.0115
-0.0051
0.0077
0.0103
0.0034
-0.0082
-0.0190
-0.0207
-0.0174
-0.0052
0.0053
0.0014
-0.0031
-0.0001
-0.0018
-0.0084
-0.0117
-0.0093
-0.0023
0.0106
0.0275
0.0475
0.0577
0.0536
0.0421
0.0257
0.0140
0.0042
-0.0042
-0.0143
-0.0186
-0.0127
-0.0039
-0.0009
-0.0088
-0.0195
-0.0216
-0.0195
-0.0147
-0.0004
0.0232
0.0427
0.0517
0.0515
0.0351
0.0130
0.0021
-0.0067
-0.0113
-0.0124
-0.0158
-0.0164
-0.0115
-0.0119
-0.0154
-0.0156
-0.0136
-0.0057
-0.0000
-0.0029
-0.0044
-0.0037
-0.0051
-0.0069
-0.0091
-0.0158
-0.0204
-0.0218
-0.0258
-0.0299
-0.0312
-0.0315
-0.0230
-0.0060
0.0047
0.0028
0.0007
0.0027
0.0022
-0.0056
-0.0139
-0.0159
-0.0106
0.0048
0.0151
0.0106
0.0055
0.0063
0.0156
0.0240
0.0199
0.0126
0.0042
-0.0067
-0.0122
-0.0006
0.0101
0.0021
-0.0084
-0.0122
-0.0129
-0.0069
0.0085
0.0264
0.0372
0.0321
0.0233
0.0250
0.0310
0.0375
0.0430
0.0428
0.0388
0.0340
0.0242
0.0163
0.0126
0.0066
-0.0022
-0.0142
-0.0240
-0.0309
-0.0377
-0.0321
-0.0176
-0.0114
-0.0172
-0.0182
-0.0142
-0.0139
-0.0130
-0.0131
-0.0177
-0.0195
-0.0217
-0.0292
-0.0343
-0.0346
-0.0341
-0.0354
-0.0341
-0.0281
-0.0258
-0.0272
-0.0296
-0.0314
-0.0278
-0.0195
-0.0034
0.0130
0.0193
0.0278
0.0383
0.0424
0.0441
0.0414
0.0323
0.0246
0.0260
0.0342
0.0396
0.0388
0.0361
0.0360
0.0340
0.0264
0.0126
-0.0075
-0.0198
-0.0187
-0.0113
-0.0050
-0.0079
-0.0152
-0.0184
-0.0177
-0.0147
-0.0102
-0.0063
0.0028
0.0179
0.0275
0.0262
0.0212
0.0179
0.0185
0.0213
0.0221
0.0181
0.0095
0.0005
-0.0063
-0.0137
-0.0269
-0.0364
-0.0327
-0.0235
-0.0193
-0.0232
-0.0319
-0.0352
-0.0338
-0.0299
-0.0260
-0.0301
-0.0379
-0.0404
-0.0307
-0.0130
-0.0003
0.0041
0.0042
-0.0029
-0.0090
-0.0060
0.0043
0.0191
0.0298
0.0280
0.0155
0.0084
0.0100
0.0129
0.0133
0.0111
0.0139
0.0204
0.0265
0.0332
0.0369
0.0375
0.0359
0.0318
0.0279
0.0185
0.0051
-0.0047
-0.0045
0.0037
0.0122
0.0166
0.0141
0.0050
-0.0038
-0.0085
-0.0073
-0.0051
-0.0071
-0.0122
-0.0178
-0.0195
-0.0225
-0.0282
-0.0323
-0.0342
-0.0306
-0.0194
-0.0080
-0.0013
0.0001
0.0020
0.0108
0.0202
0.0209
0.0109
-0.0073
-0.0191
-0.0185
-0.0135
-0.0086
-0.0062
-0.0110
-0.0192
-0.0249
-0.0244
-0.0125
0.0064
0.0183
0.0140
0.0009
-0.0093
-0.0139
-0.0145
-0.0135
-0.0110
-0.0051
0.0027
0.0046
-0.0004
-0.0011
0.0043
0.0090
0.0136
0.0171
0.0161
0.0157
0.0171
0.0173
0.0156
0.0145
0.0173
0.0221
0.0266
0.0315
0.0313
0.0238
0.0173
0.0129
0.0119
0.0131
0.0132
0.0125
0.0142
0.0135
0.0082
0.0031
0.0018
0.0032
0.0070
0.0113
0.0137
0.0120
0.0041
-0.0059
-0.0145
-0.0207
-0.0228
-0.0236
-0.0250
-0.0251
-0.0235
-0.0200
-0.0180
-0.0192
-0.0238
-0.0310
-0.0394
-0.0457
-0.0485
-0.0445
-0.0327
-0.0219
-0.0167
-0.0119
-0.0090
-0.0093
-0.0066
-0.0025
-0.0028
-0.0057
-0.0034
0.0063
0.0162
0.0190
0.0134
0.0042
-0.0024
-0.0059
-0.0076
-0.0064
-0.0051
-0.0024
0.0049
0.0118
0.0175
0.0212
0.0252
0.0308
0.0331
0.0316
0.0248
0.0172
0.0162
0.0226
0.0269
0.0263
0.0259
0.0301
0.0285
0.0219
0.0136
0.0093
0.0122
0.0184
0.0247
0.0241
0.0150
0.0026
-0.0071
-0.0121
-0.0106
-0.0105
-0.0113
-0.0096
-0.0063
-0.0062
-0.0148
-0.0256
-0.0303
-0.0289
-0.0256
-0.0244
-0.0254
-0.0251
-0.0206
-0.0143
-0.0106
-0.0106
-0.0109
-0.0108
-0.0115
-0.0141
-0.0147
-0.0138
-0.0150
-0.0164
-0.0186
-0.0188
-0.0170
-0.0119
-0.0029
0.0041
0.0097
0.0115
0.0057
-0.0022
-0.0040
0.0007
0.0043
0.0060
0.0090
0.0134
0.0171
0.0192
0.0192
0.0207
0.0210
0.0167
0.0089
0.0040
0.0037
0.0050
0.0057
0.0076
0.0065
0.0042
0.0043
0.0082
0.0120
0.0132
0.0150
0.0157
0.0189
0.0207
0.0170
0.0120
0.0071
0.0013
-0.0018
-0.0007
0.0021
0.0027
0.0011
-0.0009
-0.0002
-0.0009
-0.0060
-0.0136
-0.0165
-0.0165
-0.0145
-0.0134
-0.0141
-0.0166
-0.0191
-0.0194
-0.0117
-0.0019
-0.0019
-0.0098
-0.0192
-0.0205
-0.0138
-0.0098
-0.0113
-0.0122
-0.0113
-0.0073
-0.0039
-0.0043
-0.0010
0.0001
0.0036
0.0067
0.0069
0.0031
0.0007
0.0032
0.0087
0.0119
0.0105
0.0199
0.0359
0.0381
0.0261
0.0146
0.0138
0.0223
0.0291
0.0280
0.0202
0.0091
-0.0011
-0.0029
-0.0043
-0.0041
0.0020
0.0025
0.0001
-0.0043
-0.0142
-0.0241
-0.0279
-0.0264
-0.0218
-0.0173
-0.0197
-0.0279
-0.0317
-0.0249
-0.0150
-0.0104
-0.0084
-0.0045
0.0008
0.0029
0.0052
0.0069
0.0085
0.0108
0.0128
0.0153
0.0143
0.0108
0.0085
0.0082
0.0091
0.0043
0.0046
0.0083
0.0083
0.0081
0.0087
0.0079
0.0098
0.0167
0.0206
0.0139
0.0030
-0.0056
-0.0107
-0.0130
-0.0144
-0.0140
-0.0119
-0.0097
-0.0106
-0.0127
-0.0165
-0.0210
-0.0180
-0.0102
-0.0058
-0.0069
-0.0135
-0.0185
-0.0135
-0.0079
-0.0090
-0.0078
-0.0031
0.0016
0.0056
0.0072
0.0073
0.0080
0.0094
0.0102
0.0120
0.0159
0.0154
0.0122
0.0124
0.0114
0.0090
0.0086
0.0058
0.0017
0.0030
0.0032
0.0016
0.0025
0.0018
0.0018
0.0031
0.0056
0.0094
0.0110
0.0103
0.0075
0.0014
-0.0010
-0.0011
-0.0035
-0.0086
-0.0158
-0.0202
-0.0189
-0.0142
-0.0136
-0.0148
-0.0163
-0.0134
-0.0065
-0.0003
0.0020
0.0038
0.0081
0.0127
0.0145
0.0128
0.0069
0.0019
0.0002
0.0003
-0.0008
-0.0029
-0.0031
-0.0017
0.0020
0.0072
0.0086
0.0073
0.0047
0.0025
0.0024
0.0035
0.0048
0.0031
-0.0024
-0.0059
-0.0056
-0.0045
-0.0055
-0.0069
-0.0059
-0.0045
-0.0043
-0.0024
0.0005
0.0018
0.0003
-0.0005
0.0023
0.0067
0.0092
0.0083
0.0061
0.0040
0.0031
0.0014
-0.0014
-0.0022
-0.0028
-0.0030
-0.0017
0.0022
0.0061
0.0069
0.0056
0.0069
0.0100
0.0106
0.0094
0.0094
0.0068
0.0024
0.0019
0.0024
0.0009
-0.0013
-0.0037
-0.0035
-0.0019
-0.0021
-0.0031
-0.0051
-0.0120
-0.0178
-0.0176
-0.0144
-0.0100
-0.0071
-0.0089
-0.0114
-0.0131
-0.0156
-0.0174
-0.0172
-0.0151
-0.0121
-0.0099
-0.0092
-0.0078
-0.0066
-0.0046
-0.0027
-0.0043
-0.0041
-0.0007
0.0050
0.0109
0.0133
0.0140
0.0169
0.0216
0.0228
0.0235
0.0225
0.0171
0.0157
0.0180
0.0210
0.0211
0.0146
0.0071
0.0026
0.0027
0.0052
0.0042
-0.0026
-0.0111
-0.0165
-0.0189
-0.0178
-0.0168
-0.0149
-0.0122
-0.0096
-0.0073
-0.0072
-0.0066
-0.0038
-0.0014
0.0014
0.0043
0.0043
0.0035
0.0030
0.0059
0.0106
0.0114
0.0091
0.0066
0.0063
0.0081
0.0086
0.0059
-0.0002
-0.0060
-0.0087
-0.0088
-0.0069
-0.0069
-0.0082
-0.0094
-0.0112
-0.0127
-0.0132
-0.0104
-0.0078
-0.0064
-0.0039
-0.0009
0.0009
-0.0007
-0.0024
-0.0028
0.0003
0.0034
0.0036
0.0044
0.0046
0.0065
0.0111
0.0145
0.0140
0.0114
0.0084
0.0051
0.0025
0.0001
-0.0028
-0.0048
-0.0060
-0.0054
-0.0054
-0.0060
-0.0058
-0.0048
-0.0047
-0.0048
-0.0035
-0.0010
0.0012
0.0025
0.0010
-0.0032
-0.0054
-0.0043
0.0005
0.0052
0.0082
0.0123
0.0152
0.0182
0.0206
0.0215
0.0186
0.0144
0.0109
0.0090
0.0073
0.0070
0.0047
-0.0006
-0.0068
-0.0093
-0.0096
-0.0093
-0.0076
-0.0082
-0.0102
-0.0112
-0.0118
-0.0115
-0.0117
-0.0126
-0.0127
-0.0122
-0.0124
-0.0123
-0.0116
-0.0106
-0.0081
-0.0069
-0.0057
-0.0076
-0.0109
-0.0112
-0.0091
-0.0052
0.0005
0.0050
0.0071
0.0083
0.0095
0.0090
0.0088
0.0083
0.0069
0.0077
0.0076
0.0064
0.0062
0.0058
0.0055
0.0048
0.0038
0.0052
0.0049
0.0023
0.0007
-0.0001
0.0011
0.0041
0.0063
0.0077
0.0077
0.0069
0.0052
0.0047
0.0074
0.0116
0.0153
0.0164
0.0134
0.0071
0.0010
-0.0029
-0.0045
-0.0051
-0.0052
-0.0044
-0.0021
-0.0004
-0.0021
-0.0053
-0.0073
-0.0064
-0.0031
-0.0010
-0.0017
-0.0041
-0.0062
-0.0079
-0.0101
-0.0112
-0.0115
-0.0126
-0.0128
-0.0116
-0.0098
-0.0087
-0.0085
-0.0066
-0.0023
0.0011
0.0017
0.0014
0.0008
-0.0012
-0.0043
-0.0045
-0.0028
-0.0015
-0.0021
-0.0036
-0.0053
-0.0079
-0.0106
-0.0117
-0.0095
-0.0050
-0.0005
0.0025
0.0051
0.0067
0.0073
